0
0
0
0.0001374026502223176
0.00010992212017785407
0.00010992212017785407
0.00010992212017785407
0.00020847390174768537
0.00009855178156983127
0.00019963846339950036
0.00019963846339950036
0.0002995071360949059
0.00020095535452507464
0.00029829600787553993
0.00019720932604587083
0.00019720932604587083
0.00009734065335046524
0.00019887019590911136
0.00010152954255864613
0.00020178921511055536
0.00020178921511055536
0.00030335123903856833
0.00020182169647992222
0.0003018396997205056
0.00020158002716859634
0.00029963222035102744
0.00019807019642301447
0.00019807019642301447
0.00009805219318243113
0.00019871404485719246
0.00010066185167476133
0.00019978363269492226
0.00019978363269492226
0.00029973815338800696
0.00019907630171324566
0.00030151852429970697
0.00020239674327954607
0.00020239674327954607
0.00010244222258646135
0.00020014140679827313
0.00009769918421181181
0.0001960276011242999
0.0001960276011242999
0.0001960276011242999
0.00009832841691248808
0.00009832841691248808
0
0
0.00008862537610394017
0.00008862537610394017
0.00020247131977296746
0.00020247131977296746
0.00020247131977296746
0.00021356374229890466
0.00021356374229890466
0.00019909174278172036
0.00019909174278172036
0.00019909174278172036
0.00020260507866201108
0.00020260507866201108
0.00010323113451016816
0.00010323113451016816
0.00010323113451016816
0
0
0
0
0
0
0
0.00010081051655308681
0.00010081051655308681
0.00010081051655308681
0.00010081051655308681
0.00010081051655308681
0
0
0
0.00010732147073343513
0.00010732147073343513
0.00010732147073343513
0.00010732147073343513
0.00010732147073343513
0
0.00010190355847226259
0.00010190355847226259
0.00010190355847226259
0.00010190355847226259
0.000207089211149238
0.00010518565267697538
0.00020290966053398583
0.00020290966053398583
0.00030298471682620447
0.00019779906414922905
0.00019779906414922905
0.00010007505629221861
0.00010007505629221861
0
0
0
0
0
0
0
0
0
0
0
0
0
0
0
0.00010059046603562967
0.00010059046603562967
0.00020093817083275105
0.00020093817083275105
0.00020093817083275105
0.0001003477047971214
0.0001003477047971214
0
0
0
0.00010026469880484441
0.00010026469880484441
0.00019910920650977293
0.00019910920650977293
0.00019910920650977293
0.00009884450770492848
0.00020481487838928513
0.00010597037068435663
0.00020553180257686923
0.00020553180257686923
0.00020553180257686923
0.00019747106130456573
0.0002975606414788208
0.00019799920958630821
0.00029599231087197673
0.00029599231087197673
0.0003008333159450915
0.0002007437357708365
0.00039798725755391915
0.00029999415626825055
0.0004998462657072666
0.00039709563122209866
0.00039709563122209866
0.00019985210943901607
0.0004919465727884651
0.0002920944633494491
0.0004945092720168527
0.0004945092720168527
0.0005961869537657084
0.0003040924904162593
0.0004050546598913576
0.000202639851223954
0.000202639851223954
0.00010096216947509829
0.00010096216947509829
0
0.00020000900040501816
0.00020000900040501816
0.00040750478564688153
0.00040750478564688153
0.0006030368773514335
0.00040302787694641536
0.0005043183171546683
0.00029682253191280495
0.00029682253191280495
0.0001998261988350587
0.0003006478956642165
0.0003001791522851212
0.0004016448239117683
0.0005031104955384152
0.0005053111198710426
0.0005052258060013178
0.00040440410917216005
0.00030293843754551305
0.0003964168900592835
0.0002956805070998504
0.00039385310836196263
0.00039385310836196263
0.00039385310836196263
0.00019890898422154527
0.0006000582769451973
0.0005014366159045652
0.0007924656460503241
0.0008894753227655771
0.0009924470879075738
0.0005912977951839217
0.000682765026173669
0.0004876132731132402
0.0003906035963979872
0.0002876318312559905
0.0002876318312559905
0.0000958772770853302
0.00020106665862399992
0.00030159998793599993
0.0006049044904913418
0.0006049044904913418
0.0008010300304494674
0.0005999633718254676
0.0004994300425134676
0.0002971892353521484
0.0002971892353521484
0.00020115127202357326
0.0005028012976638227
0.0006033513062105725
0.0006015274337727047
0.0007007672567288595
0.0007007146923535985
0.0005991346912219275
0.0004985846826751777
0.0003993448597190228
0.0005001050367628682
0.0004000700245085788
0.0003942511375832255
0.0003942511375832255
0.0007042261329335987
0.0005042261329335985
0.000697350891527646
0.0005996621332414445
0.001317725004774864
0.001110330419643551
0.0015095379926112142
0.0013164132340171665
0.0014199018677284584
0.0007018389961950388
0.0007001799984720685
0.00040189383800049523
0.0004998092195277796
0.0004955889695740323
0.0005969173851015969
0.000901309634715766
0.0008003882222196761
0.0007024728406923919
0.0005066420776378234
0.00040531366211025885
0.00010019939679963135
0.00010019939679963135
0.00010019939679963135
0.00010019939679963135
0.00010019939679963135
0
0
0
0
0
0
0
0
0
0
0
0
0
0
0
0
0
0
0
0
0
0
0
0
0
0
0
0
0
0
0
0
0
0
0
0
0
0
0
0
0
0
0
0
0
0
0
0
0
0
0
0
0
0
0
0
0
0
0
0
0
0
0
0
0
0
0
0
0
0
0
0
0
0
0
0
0
0
0
0
0
0
0
0
0
0
0
0
0
0
0
0
0
0
0
0
0
0
0
0
0
0
0
0
0
0
0
0
0
0
0
0
0
0.00009597850081581848
0.00009597850081581848
0.00009597850081581848
0.00009597850081581848
0.00009597850081581848
0
0
0
0
0
0
0
0
0
0
0
0
0
0
0
0.000191792250634113
0.00028768837595116953
0.0007085438699566031
0.0008137577434579616
0.0013173584887870653
0.0012262863872187731
0.001229134238519144
0.0008082787445137105
0.0008034266753168689
0.0004001877342922821
0.0002994675852264614
0.0002969899197321242
0.00040037206666917026
0.00030001026236465335
0.00030057088907965463
0.0005024157511186919
0.0006044539365500582
0.0005010717896130121
0.0007941936843529434
0.0006932712533334248
0.000589618671417325
0.0003913141748628685
0.000670809034486572
0.0006571819993703444
0.0011085295539128583
0.001236011051061178
0.0014345675453477117
0.0011550726857240084
0.0008755778261003048
0.00042423027155779074
0.00019855649428653362
0
0.00009996051559634149
0.00009996051559634149
0.00030341207123779493
0.0004051378490585217
0.0008052518815577783
0.0010053768903358791
0.0012032654197272764
0.0013955909228686176
0.0013933607025712494
0.0009932466700719928
0.0009947186904160315
0.0007968301610246344
0.000601593558772188
0.0006023682295140034
0.0006023682295140034
0.00030081068479552236
0.00030081068479552236
0.00010027022826517408
0.00019933919058322177
0.00019933919058322177
0.0003987857264461979
0.0003987857264461979
0.0004999465468604535
0.0003006073562772318
0.0005004285163389785
0.0003009819804760022
0.000599044573620561
0.0005972379509211583
0.0008888639114641627
0.0007862514049167508
0.0008879637319422238
0.0005899011387976651
0.0004905469410828122
0.00019892098053980777
0.00010171232702547296
0
0.00019790811126393885
0.00019790811126393885
0.00039497283224492223
0.00039497283224492223
0.0008008252237301465
0.0007043802103375138
0.0009043212277373798
0.0008072270154563292
0.0008072270154563292
0.0006016941335889448
0.0007991281055300291
0.0005991870881301634
0.0005975817502905309
0.0005975817502905309
0.00039726224067269093
0.00009836517086030047
0.00019705993263582238
0.00009869476177552191
0.00030051314541208534
0.00030051314541208534
0.00030051314541208534
0.00020181838363656345
0.00040539419272317255
0.00020357580908660915
0.0004999042990953987
0.0004999042990953987
0.0007008679196559891
0.0004972921105693801
0.0006945550867745322
0.0004968580848683187
0.0004968580848683187
0.0002958944643077282
0.0002958944643077282
0.00009863148810257607
0.0002021805168744888
0.0002021805168744888
0.00040190788901151524
0.00040190788901151524
0.0006036529840838891
0.0005023450147455873
0.0006998729526033009
0.0005989095493951314
0.0006993671336916001
0.0005980796229156948
0.0005961420404801995
0.0004975490677231778
0.0004983782607278239
0.0004975138383648582
0.00039705625406838955
0.00029812128896769796
0.0002876353263833808
0.0001880421644498777
0.0003167777502473533
0.0003167777502473533
0.0005176636570965596
0.0004292146545801849
0.0008260892670073339
0.0005977605192763553
0.0009938334561076726
0.0007929475492584662
0.0010962336542055672
0.0008004544100941186
0.0009001911052189917
0.0005041181683876744
0.0006050268510752741
0.000301740746128173
0.00020064537781247271
0.00010090868268759969
0.00010090868268759969
0
0.00008979159371099704
0.00008979159371099704
0.00008979159371099704
0.00008979159371099704
0.00008979159371099704
0
0
0
0
0
0
0
0
0
0
0
0
0
0
0
0
0
0
0
0
0
0
0
0
0
0
0
0
0
0
0
0
0
0
0
0
0
0
0
0
0
0
0
0
0
0
0
0
0
0
0
0
0
0
0
0
0
0
0
0
0
0
0
0
0
0
0
0
0
0
0
0
0
0
0
0
0
0
0
0
0
0
0
0
0
0
0
0
0
0
0
0
0
0
0
0
0